{
 "cells": [
  {
   "cell_type": "code",
   "execution_count": 2,
   "metadata": {},
   "outputs": [
    {
     "data": {
      "text/html": [
       "<div>\n",
       "<style scoped>\n",
       "    .dataframe tbody tr th:only-of-type {\n",
       "        vertical-align: middle;\n",
       "    }\n",
       "\n",
       "    .dataframe tbody tr th {\n",
       "        vertical-align: top;\n",
       "    }\n",
       "\n",
       "    .dataframe thead th {\n",
       "        text-align: right;\n",
       "    }\n",
       "</style>\n",
       "<table border=\"1\" class=\"dataframe\">\n",
       "  <thead>\n",
       "    <tr style=\"text-align: right;\">\n",
       "      <th></th>\n",
       "      <th>ALUMNO</th>\n",
       "      <th>LENGUA</th>\n",
       "      <th>MATEMÁTICAS</th>\n",
       "      <th>FÍSICA</th>\n",
       "      <th>INGLÉS</th>\n",
       "      <th>FILOSOFÍA</th>\n",
       "      <th>HISTORIA</th>\n",
       "      <th>QUÍMICA</th>\n",
       "      <th>E.FISICA</th>\n",
       "    </tr>\n",
       "  </thead>\n",
       "  <tbody>\n",
       "    <tr>\n",
       "      <th>0</th>\n",
       "      <td>1</td>\n",
       "      <td>5</td>\n",
       "      <td>5</td>\n",
       "      <td>5</td>\n",
       "      <td>5</td>\n",
       "      <td>5</td>\n",
       "      <td>5</td>\n",
       "      <td>5</td>\n",
       "      <td>5</td>\n",
       "    </tr>\n",
       "    <tr>\n",
       "      <th>1</th>\n",
       "      <td>2</td>\n",
       "      <td>7</td>\n",
       "      <td>4</td>\n",
       "      <td>3</td>\n",
       "      <td>8</td>\n",
       "      <td>4</td>\n",
       "      <td>7</td>\n",
       "      <td>3</td>\n",
       "      <td>8</td>\n",
       "    </tr>\n",
       "    <tr>\n",
       "      <th>2</th>\n",
       "      <td>3</td>\n",
       "      <td>5</td>\n",
       "      <td>8</td>\n",
       "      <td>7</td>\n",
       "      <td>6</td>\n",
       "      <td>5</td>\n",
       "      <td>6</td>\n",
       "      <td>7</td>\n",
       "      <td>5</td>\n",
       "    </tr>\n",
       "    <tr>\n",
       "      <th>3</th>\n",
       "      <td>4</td>\n",
       "      <td>7</td>\n",
       "      <td>2</td>\n",
       "      <td>4</td>\n",
       "      <td>8</td>\n",
       "      <td>7</td>\n",
       "      <td>7</td>\n",
       "      <td>3</td>\n",
       "      <td>6</td>\n",
       "    </tr>\n",
       "    <tr>\n",
       "      <th>4</th>\n",
       "      <td>5</td>\n",
       "      <td>8</td>\n",
       "      <td>9</td>\n",
       "      <td>10</td>\n",
       "      <td>8</td>\n",
       "      <td>8</td>\n",
       "      <td>7</td>\n",
       "      <td>9</td>\n",
       "      <td>4</td>\n",
       "    </tr>\n",
       "  </tbody>\n",
       "</table>\n",
       "</div>"
      ],
      "text/plain": [
       "   ALUMNO  LENGUA  MATEMÁTICAS  FÍSICA  INGLÉS  FILOSOFÍA  HISTORIA  QUÍMICA  \\\n",
       "0       1       5            5       5       5          5         5        5   \n",
       "1       2       7            4       3       8          4         7        3   \n",
       "2       3       5            8       7       6          5         6        7   \n",
       "3       4       7            2       4       8          7         7        3   \n",
       "4       5       8            9      10       8          8         7        9   \n",
       "\n",
       "   E.FISICA  \n",
       "0         5  \n",
       "1         8  \n",
       "2         5  \n",
       "3         6  \n",
       "4         4  "
      ]
     },
     "execution_count": 2,
     "metadata": {},
     "output_type": "execute_result"
    }
   ],
   "source": [
    "%config IPCompleter.greedy=True\n",
    "\n",
    "#Imports\n",
    "import numpy as np\n",
    "import pandas as pd\n",
    "import matplotlib.pyplot as plt\n",
    "from sklearn.preprocessing import StandardScaler\n",
    "\n",
    "#Importamos el CSV\n",
    "df = pd.read_csv('alumnos.csv')\n",
    "\n",
    "#Sacamos por pantalla los primeros datos para ver el dataset\n",
    "df.head()"
   ]
  },
  {
   "cell_type": "code",
   "execution_count": 11,
   "metadata": {},
   "outputs": [
    {
     "name": "stdout",
     "output_type": "stream",
     "text": [
      "               ALUMNO    LENGUA  MATEMÁTICAS    FÍSICA    INGLÉS  FILOSOFÍA  \\\n",
      "ALUMNO       1.000000 -0.255146    -0.108921 -0.089924 -0.382881   0.008341   \n",
      "LENGUA      -0.255146  1.000000    -0.082137  0.057996  0.962431   0.844181   \n",
      "MATEMÁTICAS -0.108921 -0.082137     1.000000  0.917206 -0.126862  -0.062183   \n",
      "FÍSICA      -0.089924  0.057996     0.917206  1.000000 -0.035705   0.105008   \n",
      "INGLÉS      -0.382881  0.962431    -0.126862 -0.035705  1.000000   0.768364   \n",
      "FILOSOFÍA    0.008341  0.844181    -0.062183  0.105008  0.768364   1.000000   \n",
      "HISTORIA    -0.290467  0.879894    -0.089165 -0.025096  0.902314   0.831355   \n",
      "QUÍMICA     -0.101659 -0.004323     0.914370  0.941583 -0.092263   0.090448   \n",
      "E.FISICA     0.032059  0.295829    -0.084735 -0.077356  0.305501   0.056154   \n",
      "\n",
      "             HISTORIA   QUÍMICA  E.FISICA  \n",
      "ALUMNO      -0.290467 -0.101659  0.032059  \n",
      "LENGUA       0.879894 -0.004323  0.295829  \n",
      "MATEMÁTICAS -0.089165  0.914370 -0.084735  \n",
      "FÍSICA      -0.025096  0.941583 -0.077356  \n",
      "INGLÉS       0.902314 -0.092263  0.305501  \n",
      "FILOSOFÍA    0.831355  0.090448  0.056154  \n",
      "HISTORIA     1.000000 -0.009264  0.314416  \n",
      "QUÍMICA     -0.009264  1.000000 -0.175989  \n",
      "E.FISICA     0.314416 -0.175989  1.000000  \n"
     ]
    }
   ],
   "source": [
    "corrMatrix = df.corr()\n",
    "print (corrMatrix)"
   ]
  },
  {
   "cell_type": "code",
   "execution_count": 12,
   "metadata": {},
   "outputs": [
    {
     "name": "stdout",
     "output_type": "stream",
     "text": [
      "[[-1.62018517 -0.41338369 -0.25098232 -0.29138576 -0.36760731 -0.18018749\n",
      "  -0.14764269 -0.06274558 -0.20776301]\n",
      " [-1.38873015  0.96456195 -0.72157418 -1.26267162  1.28662559 -0.72074997\n",
      "   0.95967751 -1.00392929  1.35045955]\n",
      " [-1.15727512 -0.41338369  1.16079324  0.6799001   0.18380366 -0.18018749\n",
      "   0.40601741  0.87843813 -0.20776301]\n",
      " [-0.9258201   0.96456195 -1.66275788 -0.77702869  1.28662559  0.90093746\n",
      "   0.95967751 -1.00392929  0.31164451]\n",
      " [-0.69436507  1.65353476  1.63138509  2.1368289   1.28662559  1.44149994\n",
      "   0.95967751  1.81962183 -0.72717053]\n",
      " [-0.46291005 -1.10235651  1.63138509  1.16554303 -0.91901828 -1.26131245\n",
      "  -0.7013028   0.87843813 -0.20776301]\n",
      " [-0.23145502  0.27558913 -0.72157418 -0.77702869  0.18380366 -0.18018749\n",
      "  -0.14764269 -1.00392929  0.83105203]\n",
      " [ 0.         -1.10235651  0.69020139  1.16554303 -1.47042924 -1.26131245\n",
      "  -1.808623    1.34902998 -1.24657805]\n",
      " [ 0.23145502 -0.41338369 -0.25098232 -0.77702869 -0.36760731  0.36037499\n",
      "  -0.14764269 -0.06274558 -2.28539309]\n",
      " [ 0.46291005  0.96456195 -0.72157418 -0.29138576  0.73521462  1.44149994\n",
      "   1.51333761 -0.53333743  0.31164451]\n",
      " [ 0.69436507  0.96456195  1.16079324  1.16554303  0.73521462  0.90093746\n",
      "   0.40601741  0.87843813  1.86986707]\n",
      " [ 0.9258201  -1.10235651 -1.19216603 -1.26267162 -0.91901828 -1.26131245\n",
      "  -1.808623   -1.945113   -0.72717053]\n",
      " [ 1.15727512  0.96456195 -0.72157418 -0.77702869  0.73521462  1.44149994\n",
      "   0.95967751 -0.53333743 -0.20776301]\n",
      " [ 1.38873015 -1.79132933 -0.25098232 -0.29138576 -2.02184021 -1.26131245\n",
      "  -1.2549629  -0.06274558  0.83105203]\n",
      " [ 1.62018517 -0.41338369  0.21960953  0.19425717 -0.36760731 -0.18018749\n",
      "  -0.14764269  0.40784627  0.31164451]]\n",
      "[[ 0.19848952  0.16520535  0.22009485  0.10971822  0.25705876  0.0808811\n",
      "  -0.01683206 -0.03310908 -0.08946181 -0.01548649  0.0403078  -0.32543753\n",
      "  -0.14148536 -0.24777598 -0.20216729]\n",
      " [ 0.16520535  1.20772009 -0.09040813  0.86177944 -0.22453722 -0.58183193\n",
      "   0.48203733 -1.00098553 -0.40854812  0.41367811  0.05658833 -0.16516582\n",
      "   0.23197139 -0.56663142 -0.38087186]\n",
      " [ 0.22009485 -0.09040813  0.46257715 -0.25296196  0.4617718   0.49032529\n",
      "  -0.2216044   0.36320573 -0.014697   -0.28846163  0.01574497 -0.41082178\n",
      "  -0.41301245 -0.17003975 -0.15171268]\n",
      " [ 0.10971822  0.86177944 -0.25296196  1.07208978 -0.04115961 -0.90950789\n",
      "   0.38818025 -1.06680987 -0.05654528  0.69269849 -0.08363328 -0.13663426\n",
      "   0.58675107 -0.77351912 -0.39044596]\n",
      " [ 0.25705876 -0.22453722  0.4617718  -0.04115961  0.98821946  0.30678067\n",
      "  -0.32731979  0.40017153  0.27342337 -0.1498986  -0.10007334 -0.55986504\n",
      "  -0.23438947 -0.70223048 -0.34795203]\n",
      " [ 0.0808811  -0.58183193  0.49032529 -0.90950789  0.30678067  1.00944153\n",
      "  -0.37387559  0.99482597 -0.10711428 -0.71780936  0.12319447 -0.1660871\n",
      "  -0.77173373  0.46345364  0.15905719]\n",
      " [-0.01683206  0.48203733 -0.2216044   0.38818025 -0.32731979 -0.37387559\n",
      "   0.29909942 -0.51099377 -0.22893252  0.23515282  0.07488914  0.1297938\n",
      "   0.20144322 -0.06010706 -0.07093078]\n",
      " [-0.03310908 -1.00098553  0.36320573 -1.06680987  0.40017153  0.99482597\n",
      "  -0.51099377  1.3266302   0.1082284  -0.78395863  0.06571348 -0.04309152\n",
      "  -0.70296409  0.58274027  0.30039691]\n",
      " [-0.08946181 -0.40854812 -0.014697   -0.05654528  0.27342337 -0.10711428\n",
      "  -0.22893252  0.1082284   0.54146724  0.11831306 -0.23873608  0.00565516\n",
      "   0.27945538 -0.22390003  0.04139252]\n",
      " [-0.01548649  0.41367811 -0.28846163  0.69269849 -0.1498986  -0.71780936\n",
      "   0.23515282 -0.78395863  0.11831306  0.59614191 -0.12706862  0.02026909\n",
      "   0.57793052 -0.41069775 -0.1608029 ]\n",
      " [ 0.0403078   0.05658833  0.01574497 -0.08363328 -0.10007334  0.12319447\n",
      "   0.07488914  0.06571348 -0.23873608 -0.12706862  0.14961393  0.01892469\n",
      "  -0.17563593  0.17435797  0.00581244]\n",
      " [-0.32543753 -0.16516582 -0.41082178 -0.13663426 -0.55986504 -0.1660871\n",
      "   0.1297938  -0.04309152  0.00565516  0.02026909  0.01892469  0.61245094\n",
      "   0.21389993  0.4773303   0.32877913]\n",
      " [-0.14148536  0.23197139 -0.41301245  0.58675107 -0.23438947 -0.77173373\n",
      "   0.20144322 -0.70296409  0.27945538  0.57793052 -0.17563593  0.21389993\n",
      "   0.69430861 -0.30890177 -0.03763733]\n",
      " [-0.24777598 -0.56663142 -0.17003975 -0.77351912 -0.70223048  0.46345364\n",
      "  -0.06010706  0.58274027 -0.22390003 -0.41069775  0.17435797  0.4773303\n",
      "  -0.30890177  1.19596572  0.56995547]\n",
      " [-0.20216729 -0.38087186 -0.15171268 -0.39044596 -0.34795203  0.15905719\n",
      "  -0.07093078  0.30039691  0.04139252 -0.1608029   0.00581244  0.32877913\n",
      "  -0.03763733  0.56995547  0.33712717]]\n"
     ]
    }
   ],
   "source": [
    "#Pasamos a estandarizar y normalizar los datos con la libreria StandardScaler\n",
    "scaler = StandardScaler()\n",
    "df_transformed = scaler.fit_transform(df)\n",
    "print(df_transformed)"
   ]
  },
  {
   "cell_type": "code",
   "execution_count": 16,
   "metadata": {},
   "outputs": [
    {
     "name": "stdout",
     "output_type": "stream",
     "text": [
      "[[ 0.22330071  0.18585602  0.2476067   0.123433    0.28919111  0.09099124\n",
      "  -0.01893606 -0.03724772 -0.10064454 -0.01742231  0.04534628 -0.36611722\n",
      "  -0.15917103 -0.27874798 -0.2274382 ]\n",
      " [ 0.18585602  1.3586851  -0.10170915  0.96950187 -0.25260437 -0.65456092\n",
      "   0.542292   -1.12610872 -0.45961664  0.46538787  0.06366187 -0.18581155\n",
      "   0.26096781 -0.63746035 -0.42848085]\n",
      " [ 0.2476067  -0.10170915  0.5203993  -0.28458221  0.51949327  0.55161596\n",
      "  -0.24930495  0.40860645 -0.01653413 -0.32451934  0.01771309 -0.4621745\n",
      "  -0.464639   -0.19129472 -0.17067677]\n",
      " [ 0.123433    0.96950187 -0.28458221  1.206101   -0.04630457 -1.02319637\n",
      "   0.43670278 -1.20016111 -0.06361344  0.7792858  -0.09408744 -0.15371354\n",
      "   0.66009495 -0.87020902 -0.43925171]\n",
      " [ 0.28919111 -0.25260437  0.51949327 -0.04630457  1.11174689  0.34512825\n",
      "  -0.36823477  0.45019297  0.30760129 -0.16863593 -0.1125825  -0.62984817\n",
      "  -0.26368815 -0.79000929 -0.39144604]\n",
      " [ 0.09099124 -0.65456092  0.55161596 -1.02319637  0.34512825  1.13562172\n",
      "  -0.42061004  1.11917922 -0.12050356 -0.80753553  0.13859378 -0.18684798\n",
      "  -0.86820044  0.52138534  0.17893934]\n",
      " [-0.01893606  0.542292   -0.24930495  0.43670278 -0.36823477 -0.42061004\n",
      "   0.33648685 -0.574868   -0.25754908  0.26454692  0.08425028  0.14601802\n",
      "   0.22662362 -0.06762045 -0.07979712]\n",
      " [-0.03724772 -1.12610872  0.40860645 -1.20016111  0.45019297  1.11917922\n",
      "  -0.574868    1.49245898  0.12175695 -0.88195346  0.07392767 -0.04847796\n",
      "  -0.79083461  0.6555828   0.33794653]\n",
      " [-0.10064454 -0.45961664 -0.01653413 -0.06361344  0.30760129 -0.12050356\n",
      "  -0.25754908  0.12175695  0.60915064  0.13310219 -0.26857809  0.00636205\n",
      "   0.31438731 -0.25188754  0.04656659]\n",
      " [-0.01742231  0.46538787 -0.32451934  0.7792858  -0.16863593 -0.80753553\n",
      "   0.26454692 -0.88195346  0.13310219  0.67065964 -0.14295219  0.02280273\n",
      "   0.65017184 -0.46203497 -0.18090326]\n",
      " [ 0.04534628  0.06366187  0.01771309 -0.09408744 -0.1125825   0.13859378\n",
      "   0.08425028  0.07392767 -0.26857809 -0.14295219  0.16831567  0.02129028\n",
      "  -0.19759042  0.19615272  0.006539  ]\n",
      " [-0.36611722 -0.18581155 -0.4621745  -0.15371354 -0.62984817 -0.18684798\n",
      "   0.14601802 -0.04847796  0.00636205  0.02280273  0.02129028  0.68900731\n",
      "   0.24063742  0.53699659  0.36987652]\n",
      " [-0.15917103  0.26096781 -0.464639    0.66009495 -0.26368815 -0.86820044\n",
      "   0.22662362 -0.79083461  0.31438731  0.65017184 -0.19759042  0.24063742\n",
      "   0.78109718 -0.34751449 -0.04234199]\n",
      " [-0.27874798 -0.63746035 -0.19129472 -0.87020902 -0.79000929  0.52138534\n",
      "  -0.06762045  0.6555828  -0.25188754 -0.46203497  0.19615272  0.53699659\n",
      "  -0.34751449  1.34546143  0.6411999 ]\n",
      " [-0.2274382  -0.42848085 -0.17067677 -0.43925171 -0.39144604  0.17893934\n",
      "  -0.07979712  0.33794653  0.04656659 -0.18090326  0.006539    0.36987652\n",
      "  -0.04234199  0.6411999   0.37926807]]\n"
     ]
    }
   ],
   "source": [
    "#Ya tenemos calculada la matriz con los datos normalizados, por lo que procedemos a obtener la matriz de covarianza\n",
    "matrizCovarianza = np.cov(df_transformed)\n",
    "print(matrizCovarianza)"
   ]
  },
  {
   "cell_type": "code",
   "execution_count": 9,
   "metadata": {},
   "outputs": [
    {
     "name": "stdout",
     "output_type": "stream",
     "text": [
      "[ 6.28750017e+00  3.22078748e+00  1.78504276e+00  3.02116670e-01\n",
      "  2.47149396e-01  1.01210243e-01  5.19895131e-02  3.19642722e-02\n",
      " -2.46554757e-16  3.36509863e-16 -1.35412036e-16 -7.76990767e-17\n",
      "  5.31595595e-17  3.11496310e-17  1.33171810e-17]\n",
      "[[-1.60825696e-02  2.11589535e-01  1.50273086e-01  2.68904403e-01\n",
      "   1.98497559e-01  7.78280737e-02  2.64710267e-01 -2.03949617e-01\n",
      "  -1.48767014e-01 -1.12307446e-01  1.40177866e-01  1.44329824e-01\n",
      "  -2.96380666e-02 -7.44484764e-02 -6.14559260e-02]\n",
      " [-3.60550749e-01  7.83898611e-02  4.97957630e-01 -1.46748899e-01\n",
      "  -4.62156843e-01 -4.05260174e-01  1.34092938e-01  2.54120969e-01\n",
      "  -2.07803089e-02 -5.25386563e-02 -1.37843502e-01 -1.59460018e-01\n",
      "  -4.28708292e-02 -8.75850385e-02 -9.82073334e-02]\n",
      " [ 1.38302038e-01  3.09583346e-01  1.41925567e-01  2.93638455e-01\n",
      "  -2.82036297e-01  1.80955186e-01 -1.20385179e-01 -4.22906895e-01\n",
      "   3.84536178e-01  1.30214958e-01  9.06020985e-03 -8.46749018e-03\n",
      "  -1.08045876e-01 -8.39864555e-02 -5.24767154e-02]\n",
      " [-4.23496671e-01  9.92913535e-02  1.79680341e-02 -3.50656061e-02\n",
      "   3.12030001e-01 -2.27333660e-01 -4.14532895e-01 -4.84817432e-01\n",
      "   1.45039233e-01 -3.57063623e-01 -9.65872118e-02 -2.48916590e-01\n",
      "   1.95859334e-02 -5.63781016e-02 -1.15621505e-01]\n",
      " [ 8.53242462e-02  5.42700607e-01 -2.08679929e-01 -2.88645709e-01\n",
      "   2.05486854e-01  5.43912846e-02 -6.92963692e-02  3.30119275e-01\n",
      "   1.28715185e-01 -1.40388485e-01 -4.88415135e-01 -3.65348188e-01\n",
      "   1.35649642e-01  2.15237053e-04 -6.59574494e-02]\n",
      " [ 3.92398931e-01  1.29208024e-01  2.07962798e-01  4.89320664e-02\n",
      "  -2.85546014e-01  3.05688112e-01 -3.02502020e-01  2.11592967e-01\n",
      "   9.55221467e-02 -5.41972673e-01  1.89907469e-01 -5.19635505e-03\n",
      "   5.71890521e-02  3.49468704e-02 -5.60536139e-04]\n",
      " [-1.76600559e-01 -1.25256436e-01  2.02866644e-01 -1.75427582e-01\n",
      "   9.66017929e-02  1.39403950e-01  2.24493868e-01  8.06934545e-02\n",
      "   7.78757463e-01  7.33644330e-03  3.00768509e-01  7.29347743e-03\n",
      "   1.10005843e-01  3.09491985e-03 -7.82775722e-02]\n",
      " [ 4.70749946e-01  7.41056214e-02 -9.59490061e-02 -2.68965595e-01\n",
      "   2.33746701e-01 -5.40854518e-01  2.16642944e-02  9.85128995e-03\n",
      "   2.36504996e-01  3.57984740e-02  3.80477166e-01  1.56860584e-01\n",
      "  -2.26378098e-01 -1.72937153e-01 -1.28749763e-01]\n",
      " [ 1.32108988e-02  7.42850607e-02 -5.50696781e-01  1.36571434e-01\n",
      "  -3.80423205e-01 -6.09063891e-02  3.50482483e-01 -1.55309312e-01\n",
      "   1.51483510e-01  4.66174525e-02 -1.31499369e-01 -3.66832745e-01\n",
      "   3.86917154e-02 -1.21160367e-01 -2.23468980e-01]\n",
      " [-2.96899429e-01 -3.67790859e-02 -1.81459371e-01  3.17166771e-01\n",
      "   1.55616692e-01  1.53570170e-01 -3.86299920e-01  4.60069006e-01\n",
      "   1.06841065e-01  3.08628278e-01  2.42971700e-01  8.36285551e-02\n",
      "  -3.33946925e-02 -5.13220299e-02 -4.77412038e-02]\n",
      " [ 3.77633660e-02 -4.28672316e-02  2.32606972e-01 -1.25467617e-01\n",
      "   3.54402507e-01  3.45116300e-01  4.13450507e-01 -5.84405711e-02\n",
      "  -1.26506700e-01 -6.04533459e-02 -1.18909004e-02 -4.13381092e-03\n",
      "   2.85692243e-01  2.80509226e-01  2.57935044e-01]\n",
      " [ 4.02470314e-03 -4.09808288e-01 -1.16786405e-01 -5.74901037e-01\n",
      "  -1.90821165e-01  3.28100049e-01 -2.18106234e-01 -2.11530559e-01\n",
      "  -1.78425267e-04  5.19199667e-02 -1.22122363e-01 -1.48752382e-01\n",
      "  -1.96170169e-01 -2.46775424e-01 -2.38197467e-01]\n",
      " [-2.73709049e-01 -1.40590867e-01 -3.66838808e-01  7.77657672e-02\n",
      "  -3.53172870e-02  3.54564558e-02  2.50129004e-01  1.44521736e-01\n",
      "   1.56018297e-01 -6.17421393e-01  1.54024376e-01  1.85553168e-01\n",
      "  -1.48913018e-01 -2.19743578e-02  5.99098582e-02]\n",
      " [ 2.74521738e-01 -4.88773873e-01  1.58829764e-01  3.89124629e-01\n",
      "   1.93221780e-01 -1.33673387e-01  1.07906027e-02  1.05700997e-01\n",
      "   2.10931784e-01 -1.36328497e-01 -5.51332999e-01 -6.16387616e-01\n",
      "  -2.57455491e-01 -4.00304917e-01 -4.60626494e-01]\n",
      " [ 1.31043160e-01 -2.75077628e-01 -8.99801947e-02  8.31185184e-02\n",
      "  -1.13303075e-01 -2.52481452e-01 -1.58691346e-01 -5.97153088e-02\n",
      "  -3.52427943e-02 -1.47743615e-01  1.51740623e-01  3.94306315e-01\n",
      "   8.30080087e-01  7.92333063e-01  7.43067753e-01]]\n"
     ]
    }
   ],
   "source": [
    "w, v = np.linalg.eig(matrizCovarianza)\n",
    "\n",
    "print(w)\n",
    "print(v)"
   ]
  },
  {
   "cell_type": "code",
   "execution_count": 8,
   "metadata": {},
   "outputs": [
    {
     "name": "stdout",
     "output_type": "stream",
     "text": [
      "(array([-2.66602221e-16, -1.61517120e-16, -1.05361893e-16, -1.14585342e-17,\n",
      "        9.04884282e-17,  2.04921816e-16,  3.56701597e-16,  3.19642722e-02,\n",
      "        5.19895131e-02,  1.01210243e-01,  2.47149396e-01,  3.02116670e-01,\n",
      "        1.78504276e+00,  3.22078748e+00,  6.28750017e+00]), array([[-0.14660524,  0.14727295,  0.01695654,  0.06120963, -0.20268177,\n",
      "         0.34960553, -0.70173619, -0.20394962,  0.26471027, -0.07782807,\n",
      "         0.19849756, -0.2689044 ,  0.15027309,  0.21158954, -0.01608257],\n",
      "       [ 0.21218162,  0.0213657 , -0.00571924, -0.16549778, -0.22773802,\n",
      "         0.02571155, -0.09248005,  0.25412097,  0.13409294,  0.40526017,\n",
      "        -0.46215684,  0.1467489 ,  0.49795763,  0.07838986, -0.36055075],\n",
      "       [ 0.01350929, -0.52041543, -0.25702019, -0.29791597, -0.15822861,\n",
      "        -0.00729602,  0.14870997, -0.42290689, -0.12038518, -0.18095519,\n",
      "        -0.2820363 , -0.29363846,  0.14192557,  0.30958335,  0.13830204],\n",
      "       [ 0.39459394,  0.16938378, -0.08443557,  0.15781696, -0.00782314,\n",
      "         0.15011136,  0.11952052, -0.48481743, -0.41453289,  0.22733366,\n",
      "         0.31203   ,  0.03506561,  0.01796803,  0.09929135, -0.42349667],\n",
      "       [-0.00465886,  0.14677264, -0.46090237, -0.0015805 , -0.40960812,\n",
      "        -0.09481332,  0.04003007,  0.33011928, -0.06929637, -0.05439128,\n",
      "         0.20548685,  0.28864571, -0.20867993,  0.54270061,  0.08532425],\n",
      "       [ 0.36826048,  0.17652759,  0.10022961,  0.33205166,  0.08402406,\n",
      "         0.4196054 ,  0.04705205,  0.21159297, -0.30250202, -0.30568811,\n",
      "        -0.28554601, -0.04893207,  0.2079628 ,  0.12920802,  0.39239893],\n",
      "       [ 0.07506534, -0.43554496, -0.50891618,  0.48159855,  0.31050581,\n",
      "         0.0171541 , -0.11199945,  0.08069345,  0.22449387, -0.13940395,\n",
      "         0.09660179,  0.17542758,  0.20286664, -0.12525644, -0.17660056],\n",
      "       [ 0.22577218, -0.38953132,  0.12124757, -0.1611181 ,  0.13613028,\n",
      "         0.23489063, -0.16295343,  0.00985129,  0.02166429,  0.54085452,\n",
      "         0.2337467 ,  0.26896559, -0.09594901,  0.07410562,  0.47074995],\n",
      "       [ 0.50155458,  0.10968878, -0.07286664,  0.13841424,  0.05269206,\n",
      "        -0.23034981, -0.18194501, -0.15530931,  0.35048248,  0.06090639,\n",
      "        -0.3804232 , -0.13657143, -0.55069678,  0.07428506,  0.0132109 ],\n",
      "       [ 0.24719248, -0.36666645,  0.17041928, -0.13810677, -0.03568047,\n",
      "        -0.12469057, -0.32832733,  0.46006901, -0.38629992, -0.15357017,\n",
      "         0.15561669, -0.31716677, -0.18145937, -0.03677909, -0.29689943],\n",
      "       [ 0.42780814, -0.11750829,  0.34353869, -0.02315345, -0.34992836,\n",
      "        -0.14963474,  0.2181785 , -0.05844057,  0.41345051, -0.3451163 ,\n",
      "         0.35440251,  0.12546762,  0.23260697, -0.04286723,  0.03776337],\n",
      "       [ 0.06063198,  0.00828423, -0.11232956, -0.26842513, -0.18755876,\n",
      "         0.08691131, -0.34693821, -0.21153056, -0.21810623, -0.32810005,\n",
      "        -0.19082117,  0.57490104, -0.11678641, -0.40980829,  0.0040247 ],\n",
      "       [-0.03245438, -0.12733119, -0.06006422, -0.11682254, -0.15998927,\n",
      "         0.71329766,  0.33140906,  0.14452174,  0.250129  , -0.03545646,\n",
      "        -0.03531729, -0.07776577, -0.36683881, -0.14059087, -0.27370905],\n",
      "       [ 0.23896145,  0.24265553, -0.50350916, -0.23773491, -0.12140096,\n",
      "        -0.02954153,  0.03108286,  0.105701  ,  0.0107906 ,  0.13367339,\n",
      "         0.19322178, -0.38912463,  0.15882976, -0.48877387,  0.27452174],\n",
      "       [-0.16685501, -0.22078306,  0.09054935,  0.55322801, -0.62462899,\n",
      "        -0.07604573,  0.00557057, -0.05971531, -0.15869135,  0.25248145,\n",
      "        -0.11330308, -0.08311852, -0.08998019, -0.27507763,  0.13104316]]))\n"
     ]
    }
   ],
   "source": [
    "eigh = geek.eigh(matrizCovarianza)\n",
    "print(eigh)"
   ]
  },
  {
   "cell_type": "code",
   "execution_count": null,
   "metadata": {},
   "outputs": [],
   "source": []
  }
 ],
 "metadata": {
  "kernelspec": {
   "display_name": "Python 3",
   "language": "python",
   "name": "python3"
  },
  "language_info": {
   "codemirror_mode": {
    "name": "ipython",
    "version": 3
   },
   "file_extension": ".py",
   "mimetype": "text/x-python",
   "name": "python",
   "nbconvert_exporter": "python",
   "pygments_lexer": "ipython3",
   "version": "3.8.3"
  }
 },
 "nbformat": 4,
 "nbformat_minor": 4
}
